33124129
49473912
47175386
46196308
26885307
40727600
49596949
47030625
50460158
35013392
45550239
16331081
26230636
30458023
23606961
45524745
37401873
35646335
50969046
50960704
51136767
13953146
36166922
50217438
24974949
46588128
32144053
46997495
50451811
18167062
38374601
49321764
47203069
48796164
49841130
50321175
43055012
38737281
46966336
50419855
49114997
35030749
32383365
29372486
37860780
47112725
41503751
29968542
50422960
50326791
33699546
47201044
48159360
46776474
48163201
47710625
47974786
50320848
47043783
50949779
49895003
42479744
47432399
46411669
40602279
37506503
49778960
42814646
31554860
47069619
50448762
47235135
50591771
49829892
46059430
50397601
40312277
48813199
47058836
30572754
40467128
35124891
44026106
50422746
49000673
48940099
50275486
48881000
45216220
42984123
50115533
23610119
46672029
50610638
49182710
50578528
23808415
48711778
48046309
21861543
50442105
49387175
50414425
36911331
42126471
17659584
46802128
46374485
46682682
31017370
45777171
18350475
50327075
49694659
48269811
31412996
37658559
48889879
47274035
50459043
22852197
31647939
39121009
44530624
45577646
50380545
50517462
47980994
50598637
44066695
40773246
8403751
17886072
18203991
48024954
27453753
10544735
49597659
36279891
47851129
43839776
32301563
43146086
47231027
47617217
45725351
46069644
41942224
34144484
48676124
46231534
49518222
47879921
50979444
46581084
46429691
50268370
12774369
49894134
49611269
45880280
46212474
37573612
48177505
48467293
28677147
49586350
45782267
45844765
49826553
43742332
47314106
48645707
50502872
49014348
48296965
50910626
45041089
50496790
50585920
49995767
48740656
47119316
27794464
49867268
50473091
50483376
32032272
48593461
35429199
47618092
42461445
50394684
46557428
9750304
50561697
48744815
37203385
49076719
44269669
41343138
50060756
49329306
45577486
42101998
47574721
34954759
42765738
50632303
27899613
50348880
48357532
47150474
46262019
43703964
42540272
45938095
46275798
47959789
49001156
43735781
50374360
32580970
42421459
43880523
47551774
50219826
50566503
45249519
43801997
28531949
50254715
24107301
44041559
39200052
42547727
49862260
47144613
46240082
49192909
48905688
47654115
50821212
41833631
46329791
37201145
32795319
38349960
47864430
49478128
50585688
38853668
49310554
40934049
36751479
48557779
50361594
48679400
28984955
38110311
50939878
39155216
42818319
49850775
41369104
25711824
35988292
50989639
50953323
41512909
47755960
47130582
37698424
26611569
25901169
36522573
42685794
46447824
15996757
49192458
36175151
50260729
49144022
50468884
47876356
17089658
27680415
49065211
48502426
49555119
25582399
48116698
44056828
32890056
48334324
40429718
50484390
47470806
50423890
47356443
47456624
45508653
11774403
48948831
40440778
47992210
47978805
50253645
50514741
49160354
50600968
17702425
50962921
35649834
50581955
49647003
18829414
47673636
31047623
50274952
14958689
46883550
48423199
46984565
31749496
46580567
48294597
46028620
51274528
47022030
50565557
49975537
48991598
23928700
36918475
49297374
42071275
49804494
30428702
47416348
16519790
47496548
48280086
45811199
24626152
43787644
50010129
49045088
49447468
2015358
48584044
47373776
50306726
43975750
49240610
48347524
20716202
39651758
48398191
42882754
46468581
48626488
46166997
47159866
50019899
47686093
50582319
47361616
50849387
50504168
42493011
28213208
40961705
49174069
24801337
36428129
41848096
49994720
50031495
50614466
47225083
50479168
39355285
41183228
39807463
13880482
39921249
50193829
40544050
50348059
45036951
43043098
28549201
47624793
46169093
42777501
47621833
50394697
34129040
48460061
50814889
42855352
45060530
32141728
46728531
50629334
47705205
41968018
50482709
50167200
50348501
21177836
47500312
49606511
49024299
49995984
28439533
39875397
48218801
48740137
44890196
33999402
49605031
48393827
20421211
49612203
50414965
44703480
27420802
24562146
20638713
41674773
26014304
47696685
26316742
45026570
14204082
29199464
46612684
46069086
45845130
50444405
39049946
50379285
45496656
47540333
46788816
40025923
49706114
24666005
50819572
31087202
49042280
50350011
37825390
9931722
43840073
50953651
50253915
34865031
8434139
51180189
50570398
12858882
44702672
44909316
4354724
40433692
23988920
46759033
36362989
50455631
31128121
46509131
50380294
42008261
50069101
50486131
46071902
48895956
50477862
49582234
21198922
50306224
48449536
33521789
46093763
50124968
41049553
48573655
43204286
50484083
49272439
28892149
48270649
50320546
45320096
48208080
48563308
45340010
40772272
44682476
48891488
48849791
49932778
48252577
51030215
44814019
16266958
47192146
43568098
44263325
48331991
40041352
22994371
46157872
15532343
49855734
38368303
49879590
12105783
48648727
50826685
37546434
34039962
50837207
36460527
46785762
47282689
47209862
44885270
49984838
49613813
50300251
48770086
49755107
44259536
47824105
22880648
41270752
50573741
47172267
43870921
46135563
49078594
50127858
42989712
30379149
49759066
25283247
22221669
46216459
48937925
42207909
49494084
39486183
42394634
50417563
48361396
43020000
50293438
46279713
47846024
50584337
46639842
46010053
49746350
41043889
50969193
50987704
47870970
44227200
10731978
40597509
49666043
48240172
32109086
46583751
47311355
46818852
48017131
39149115
44630366
48986056
31587905
46314886
33285517
47151078
46751122
48497263
49365839
50980447
44502152
22777784
26032574
41368732
40374026
48694513
47213783
49895698
44529466
49354164
41310886
44081053
50031169
47725952
22271855
48025432
50417415
49634303
32101779
42745105
47031573
46516760
48879296
29367410
39366366
46822064
40653644
47179251
50571753
41290538
49434191
50395301
48729245
38406053
50651188
39225934
47279996
30514513
39922862
45512254
45446163
49871911
50478213
45167372
49529659
45373234
48877668
47370636
50304236
38499175
48557858
45977657
47879017
47363689
48825853
49752469
11147785
48513798
48630853
49954415
44536829
49358166
47124963
50411138
48205160
45531076
50273257
41424601
31239120
47932994
40222458
50302492
47642843
42082984
41726093
48745017
15060394
41103048
41913357
38605118
40719604
50583315
47361504
49912680
50340663
44106705
21587995
46164935
28174111
50162452
47899451
47795882
48880949
48959219
47510373
50184458
49437274
49988543
49352847
47633248
34691862
45642545
50257109
49930637
47196450
50002826
44818153
47649527
49043925
48695356
44026760
39695568
23692152
42083708
18074719
20741114
18795964
29670167
10055122
46401976
30458730
44496042
44154686
47522909
44253179
47162894
47161351
40732293
48760491
42900069
49016307
25031260
36701759
49007587
50195810
47248974
43123324
39780398
49175893
47864494
12946377
44617523
20629737
43062426
49204998
38241350
36339035
36667382
28556962
24411056
47773250
44616832
42847326
44998151
50210326
49350113
44466606
47233642
51049854
36528149
35884391
50470138
49492948
47251038
48115047
50672152
45914444
48820721
46768808
13146218
50483649
48793131
47168749
40503390
48706300
47865349
49271730
45171878
46360251
43673610
25387797
50565870
49205516
36998175
43848260
50912042
50593843
46476683
49189230
40523243
49199751
43424726
50084139
23690344
42777951
19766652
45371802
49052391
40834413
49879756
40124724
46456022
50041729
22607885
43142442
33012945
33171212
49288343
45473719
47333723
46649623
28333973
50326939
49293039
20793862
41094047
50741412
49571378
49442956
50768731
49931470
47612320
45251683
14202524
31552643
49197387
50177476
50485417
42325827
14537277
48016981
42223715
50133963
50650721
16061497
49990731
48799958
43004952
35929833
50906817
46093572
48367681
50497577
45528333
50104840
45095445
32519476
41928503
45089044
36317491
49144491
31143961
48080711
49276464
42223703
48085133
11475317
50939617
46427752
44570701
48628149
41948793
50452365
8944551
50313837
37733176
42753239
48686311
38359093
48294284
48068087
39404594
31611071
48153005
50636075
50972212
49558677
46926199
18814723
50412635
34204684
39038893
48766352
48648736
3074767
49937188
21273123
46628234
50492790
26882208
50545221
21587038
46271439
50207249
43156838
48878011
47497780
50345720
32388054
30190964
50737800
46382200
44160336
50017753
44655854
36237190
50193308
45005692
29552768
49383771
33768057
48036501
45216859
45438041
45170999
18718298
49303398
29044666
46356520
48019723
47909520
46101359
46090326
43911854
29653196
31962524
40187311
46304306
48717353
37828833
37807608
34992627
33458272
49678330
50549778
32608930
46804265
48247744
11816210
43350638
44119233
43388253
32632312
48651138
23048417
20183544
13989822
50095625
43015848
41727566
29543711
44919101
44687132
47082741
45784706
50962376
50408259
8820583
45540083
46781337
30558263
33405352
48139987
43922129
28762457
50301783
43919632
46419459
9683732
36866688
33234840
45351855
46221148
37720660
46228187
47517239
41444316
50020332
50419022
47610303
48338957
48551576
47567899
31495528
48398277
46580324
48722285
18715941
40578063
23515878
37424290
49051457
37837117
33705705
39433532
46709584
49702254
45371617
48259615
41170708
45507280
50348208
45696247
22174814
45234388
49732195
46745598
44398405
35684382
50589815
46762132
46406356
50667790
11424586
50098279
50937596
46838631
49322158
49042172
37757006
50304765
39295346
47530081
46149488
46579964
32466132
48425221
48283871
22268738
38359897
50423383
28766220
46207944
48684480
30068220
46891104
49984575
46357008
34785955
42953605
49155793
50913971
37143176
47175879
29550239
51118383
49649320
45127577
42246182
49115610
50643034
41275030
43522238
49057386
13917237
46868833
32725312
35805326
50102582
40314724
32064667
8814141
50499555
50499231
32496638
48499053
40400246
41630000
48596374
49137316
49043483
50418920
47458707
49333645
50443930
44126556
16008362
45603465
50579879
43538909
18198034
49133366
42141482
49929540
48330298
35767345
50797717
47101687
49044139
50225408
28117723
50017589
48119922
50621512
50665436
47948228
31395980
46884245
47098449
47863085
49340522
49841763
8769604
46660519
43965842
27115821
50116132
49945263
42684368
50231253
50523356
48798726
41535513
49701038
15960509
46143414
50543677
40205005
30353032
44116536
48298076
50261672
50429445
49826288
48195273
49148307
48693303
34641487
13500504
33747050
42041722
47781815
50342900
22427707
41485776
49829145
45761801
31399361
45415876
40570824
45774767
47084908
42864684
39680030
30466953
48822113
49111111
49183473
50636682
42892700
46080927
47827003
46634001
46689580
50970580
48301905
50273101
23426446
44710080
48676749
50008286
10361550
27401297
50130725
39193607
47258561
47520859
41220740
40490697
27996947
46005534
50441101
38175068
37114207
21331929
48202029
49585746
50134741
47880041
885472
44206820
50558440
47545948
47687469
44794637
25024112
50565716
25000098
50337237
50283786
49306189
41850459
50542395
43970696
50475539
50434940
41821049
50026143
50169132
49505383
46577190
47931103
41370417
49363249
46093977
17369144
48397963
49313792
41066408
48895193
49242442
41754187
46072380
50192586
23307006
40485665
30407371
49772038
25234971
31176481
45928405
50357448
39065036
48918923
50559170
31626238
42248023
10500736
45639313
47304408
40786129
48160943
46177993
48254492
48685571
45099499
48811047
49947882
29512385
26634594
44711990
50283156
49670404
49167451
50061631
49203609
49698806
45891678
51026121
40339277
48053634
46351251
48044348
14002344
45611844
47547569
45065434
47786414
22458465
48162358
50629176
36461353
50240323
41202889
46750353
48854902
49995442
46742810
49468608
41547977
43785549
37872538
26032751
48922937
42945049
50129271
48449276
50433790
32065033
50380067
14288166
48685439
25591205
43886115
48952036
48850609
44780870
50333087
50583279
50003842
48520954
40456992
49646954
10247790
47953236
50514891
42257712
48585326
44276446
46238636
49370961
41432859
49756562
46485107
43118419
49134816
41455815
40694300
29531199
44826845
50665578
47801766
37517918
15670729
50551881
41036360
47640323
49986399
36372994
23486152
49181505
50597971
46909946
47963929
45567773
33856972
46905749
47641607
30674456
47596865
46661629
51000443
49471549
48933970
5051890
49456684
14811791
40784098
48766159
50501456
50347664
49185373
21628859
48952632
50327147
49109413
48744461
39171900
46871220
30527276
47970217
41563222
9529388
47032666
42069057
48031273
47635385
48164500
50585031
8943140
30360399
50314215
46142719
45039406
50315484
11130271
42290847
48756272
50264269
40455693
36483458
48362308
47055414
44081467
46220454
43918879
27799460
47558502
49463992
43468888
49800880
49006325
49092236
50069681
37138270
48697572
49649866
47466349
50208562
47915712
46682362
44763256
7643525
49346593
35588465
36753945
45705588
44817680
50301977
33521579
41518082
30138764
49987290
36947454
47241977
50038627
41169329
50950483
49760774
19562542
48063426
49545503
49614092
39196078
49673223
48345667
28511106
46706763
41549719
48831720
27153753
48799504
45800298
29954305
49452296
50490936
47534483
28749464
46564823
48182343
50220262
46484069
49247577
46772182
48020866
50993726
29339673
47115916
48868090
35431939
50303054
47298863
40139724
49939323
29711687
48882677
47461938
47314118
27547670
40040556
49901119
50933976
47176725
41426724
49818475
51311963
37957326
45473211
48485553
49875666
49903082
49402701
16977544
41480652
33503153
49959603
42374225
48850268
39118522
42905540
49369884
32327342
46140395
40610488
50839731
40133744
44043998
41174054
41132001
50020350
33498165
47521104
45119834
45547215
42271567
9156493
50556186
40051089
41139752
48572044
49431254
47544367
34087822
31519821
47851485
9295662
39252915
36666768
33757419
49829723
46223271
49779519
16362823
31663674
50149084
50925044
50345638
47902008
50985225
48882072
48956237
21171496
44130419
49283867
9137245
41367858
47330330
48165256
43123165
46468997
47215198
49976033
42108787
47429374
47877859
50394707
8152535
48024550
45786395
50272241
46300131
43851414
31559963
17763767
47476076
43123978
34793944
49740749
44969058
46061417
47916121
14874622
50983091
25378710
32920014
37237216
50056777
48285905
37730765
48988417
40824875
40522654
48921690
43790240
36049458
14484165
19996114
43121439
30024274
39495633
43767623
48014928
44605773
45816759
8106549
46744618
46885307
13081265
46961268
44106592
47454567
50908510
23039686
46893029
50394672
23826899
50094806
49594576
34546865
48764266
50659540
50643518
46506068
22601445
44623401
47680836
49473528
39842119
48152438
49213078
49059877
46703619
50508984
47302383
49948686
48089002
45551110
23989303
39246977
48182180
49726022
42067157
14180916
30259421
42506010
21531287
47171845
47098765
20753797
18514089
41355435
50616910
49496007
49914472
19240227
48884374
38626181
14383051
43642921
51129890
48242640
48718961
45310850
50675737
48774111
48684209
45173354
35407447
43481905
41017457
45844392
47028529
48395695
41259964
46681193
49926775
47337274
43444244
40908183
50485520
49267689
46262612
49762512
41417071
49556155
40772550
40457740
46136238
48434360
37390537
2486320
19162374
50160968
47932521
32533396
41037426
49240746
43272963
48922404
36909148
46815704
20294639
50355214
49012084
48503916
39531630
39407396
47255142
43907253
43792453
50234628
22423275
45204549
40799725
48569502
9793800
28018932
48485233
34156338
50558556
51265969
46153660
48506674
42315408
34674665
47200432
45174214
46262808
47322877
45626047
48025931
43120291
47896527
29359625
21733983
2462716
10012428
48202463
50303245
50348052
47653510
22852401
19385344
43088269
48454293
47831161
49208307
41226800
34378479
41107692
50633987
49520834
30364000
12632047
46027056
48978858
50827864
45632350
48036391
41239511
42965675
43043483
48920366
38815812
41585670
50784283
48542142
47613530
47668816
47902740
6668372
50593779
42910217
50318288
43739189
45620024
11733623
46628666
37750685
43147142
47100503
41233599
49962726
47053601
45641627
37757459
48069318
49176850
49992416
31121397
41324032
47869446
47913498
37385059
40199178
38973940
48313236
41558765
17622729
48856184
50538920
46633681
39856989
46620170
49362043
32565312
50324161
43114650
25995931
40438353
50380833
50389426
32063033
31777981
49598149
49286886
47461054
49170164
7137664
49743093
43221451
31745700
42797615
47624572
48473203
39370409
47979244
50004750
49707149
32415390
7561159
49619411
47752355
41502126
40061577
35441955
49393246
40802862
42071653
49598389
50923977
45770570
48413911
46887099
50402317
44895569
41361382
40336695
47822081
39728640
47172786
49073646
42851855
48400825
32545835
46820420
46788837
50323784
19123289
40407997
39607933
46110438
44030185
41611041
46957496
40996622
45841798
